# The mean values of the components (in mm)
204
1
6
-72.622717 
-71.482904 
-69.048587 
-65.453550 
-59.078547 
-48.621059 
-34.731158 
-18.484628 
0.148551 
18.741162 
34.877643 
48.651763 
59.009347 
65.290631 
68.803304 
71.165283 
72.229717 
-59.544747 
-51.073578 
-38.874663 
-25.916391 
-13.428382 
13.338530 
25.790955 
38.719402 
50.904620 
59.374257 
-0.024140 
0.010776 
0.045459 
0.079710 
-14.348170 
-7.460837 
0.078809 
7.604855 
14.477148 
-45.007483 
-37.336294 
-28.140798 
-20.088758 
-28.524959 
-37.706627 
20.008637 
28.036856 
37.227372 
44.895102 
37.621284 
28.443637 
-28.002806 
-17.913807 
-7.929197 
0.073431 
8.047215 
18.028840 
28.106426 
18.454811 
8.753497 
0.102857 
-8.570121 
-18.296061 
-23.341326 
-8.069235 
0.079775 
8.204608 
23.455325 
8.301826 
0.087964 
-8.149852 
-20.969451 
-1.938395 
17.581587 
36.596065 
53.405438 
66.720525 
75.563454 
80.730495 
82.193796 
80.653335 
75.351165 
66.343164 
52.954739 
36.148801 
17.178953 
-2.258032 
-21.204211 
-52.499182 
-62.381980 
-66.752554 
-66.943162 
-63.175157 
-63.253784 
-67.001850 
-66.790200 
-62.358646 
-52.381085 
-46.943147 
-36.288162 
-25.826112 
-15.441477 
-1.401660 
0.003933 
1.022053 
0.009337 
-1.378592 
-39.553630 
-45.490147 
-45.973371 
-40.125692 
-38.123913 
-37.637317 
-40.191161 
-46.019848 
-45.515523 
-39.560438 
-37.672395 
-38.162299 
29.553756 
21.327448 
17.131759 
18.331897 
17.137418 
21.357151 
29.581991 
34.552257 
36.678473 
37.106073 
36.661408 
34.500181 
28.764228 
24.407386 
24.619236 
24.408509 
28.785567 
27.865885 
28.128497 
27.856615 
94.036065 
91.385044 
91.299650 
89.846425 
81.555320 
65.297832 
39.536014 
10.445314 
-0.136715 
10.473561 
39.127732 
64.060782 
79.950112 
88.275032 
90.032865 
90.751194 
94.030677 
14.475914 
4.101427 
-5.847920 
-16.714486 
-23.689478 
-23.756907 
-16.398593 
-5.127329 
5.408656 
16.508245 
-26.694859 
-38.575394 
-51.002163 
-63.488221 
-38.788428 
-44.043663 
-48.001421 
-43.853523 
-38.342073 
5.573048 
-1.878241 
-4.454158 
-4.482818 
-4.838837 
-2.183918 
-4.495821 
-4.154789 
-1.244476 
6.490863 
-1.609914 
-4.497441 
-11.489468 
-31.366654 
-41.171890 
-43.344872 
-40.966350 
-30.840585 
-10.788952 
-29.013512 
-39.643772 
-42.157693 
-39.933338 
-29.685575 
-16.826290 
-37.553101 
-40.020505 
-37.368883 
-16.268195 
-37.625480 
-40.433532 
-37.861538 
# The principal components (eigenvectors) of identity or combined identity and expression model
204
31
6
0.017968 0.092957 -0.027244 -0.130441 -0.047499 -0.067474 -0.060268 -0.010731 0.089145 0.013710 0.069150 0.056746 -0.009160 0.057062 0.074921 0.064302 0.021405 0.011160 -0.016937 0.019738 0.031543 0.005900 0.053614 0.062444 0.071992 0.059124 0.117234 0.083050 -0.019476 0.022295 -0.144473 
0.002522 0.095891 -0.029187 -0.130505 -0.033470 -0.023263 -0.058195 -0.018137 0.095681 0.017709 0.062614 0.052570 -0.008930 0.065294 0.030766 0.047393 0.009608 0.012730 -0.004273 0.046371 -0.006685 0.025971 0.010923 0.061372 0.046800 0.052914 0.048449 0.026441 -0.041910 0.053206 -0.091226 
-0.010207 0.091162 -0.035997 -0.132329 -0.029586 0.024593 -0.053495 -0.030428 0.080444 0.011714 0.051358 0.052747 -0.001476 0.074410 -0.011835 0.043323 -0.019762 0.036735 0.018204 0.058168 -0.038098 0.057232 -0.019070 0.068418 0.014843 0.021393 -0.006312 -0.030360 -0.045784 0.060378 -0.067972 
-0.020465 0.077103 -0.032136 -0.131426 -0.043221 0.065315 -0.044185 -0.028787 0.033209 0.003676 0.036623 0.062071 0.008031 0.064484 -0.048277 0.026389 -0.039984 0.053865 0.047639 0.045770 -0.020812 0.084770 -0.038418 0.034334 -0.031959 -0.010849 -0.054901 -0.081250 -0.042068 0.024907 -0.066854 
-0.035783 0.052147 0.000262 -0.118304 -0.056094 0.092262 -0.038710 0.003230 -0.049791 0.001341 0.016696 0.074945 0.036624 0.054192 -0.086017 0.025382 -0.033746 0.047382 0.094130 0.002609 0.022260 0.109353 -0.059012 -0.050615 -0.083587 -0.049366 -0.051976 -0.099163 -0.017638 -0.066928 -0.038254 
-0.048002 0.025562 0.036175 -0.091127 -0.052338 0.102105 -0.031938 0.039857 -0.140470 0.013808 0.017599 0.067700 0.069875 0.050860 -0.109119 0.039372 -0.023815 0.034794 0.111092 -0.040810 0.048537 0.111880 -0.047130 -0.130198 -0.098051 -0.060577 -0.025311 -0.037978 0.008788 -0.142197 0.029360 
-0.042258 0.007661 0.041794 -0.048929 -0.032784 0.083163 -0.018174 0.047160 -0.186685 0.050385 0.027268 0.045970 0.079322 0.065521 -0.090349 0.034579 -0.026653 0.035534 0.107044 -0.037105 0.030451 0.047146 0.001638 -0.139654 -0.055561 -0.014651 -0.014498 0.094686 0.030654 -0.091706 0.071965 
-0.027380 0.005902 0.028676 -0.017718 -0.011020 0.043677 -0.002909 0.013580 -0.177921 0.093727 0.028091 0.025089 0.061889 0.078772 -0.059109 0.038977 -0.013548 0.039382 0.064447 -0.021412 0.003482 -0.039827 0.047140 -0.088579 0.051234 0.053792 -0.019153 0.139767 0.035255 0.068241 0.085533 
-0.021035 -0.002267 0.002155 0.000069 0.002459 -0.006505 0.001307 -0.033259 -0.126461 0.143182 0.021600 0.013060 0.029276 0.089298 -0.005679 0.004520 -0.007904 0.001482 0.022816 -0.028900 0.017205 -0.061943 0.080162 0.002284 0.121893 0.074615 -0.004916 0.019059 -0.001091 0.163802 -0.026367 
-0.025981 -0.011321 -0.023458 0.018598 0.015191 -0.056220 0.004323 -0.076570 -0.061401 0.171887 0.011526 -0.003773 -0.024924 0.089953 0.017268 -0.038189 -0.003513 -0.063278 0.001659 -0.058711 0.036789 -0.038830 0.051086 0.090471 0.102989 0.042874 0.012331 -0.118015 -0.032973 0.089290 -0.131454 
-0.040101 -0.014628 -0.034265 0.052081 0.035062 -0.093637 0.018143 -0.098972 -0.014967 0.164521 -0.000961 -0.030080 -0.074903 0.093336 0.029459 -0.046502 0.007869 -0.089783 0.014559 -0.081570 0.019027 -0.016352 0.006193 0.131348 -0.026145 -0.020120 0.023843 -0.122289 -0.034328 -0.087696 -0.091808 
-0.044052 -0.032994 -0.028363 0.095309 0.052485 -0.109653 0.031026 -0.071925 0.006748 0.119223 -0.005608 -0.057389 -0.092488 0.082675 0.038702 -0.064094 0.008370 -0.102009 0.020053 -0.078928 -0.001694 -0.010396 -0.037268 0.119554 -0.124028 -0.052250 0.045099 -0.014098 -0.017446 -0.166599 -0.027270 
-0.027686 -0.057771 0.004864 0.121466 0.055087 -0.097148 0.038510 -0.012140 -0.003675 0.044624 -0.014487 -0.064327 -0.060344 0.078982 0.037971 -0.074854 0.032320 -0.070536 -0.014648 -0.063775 0.000722 -0.000915 -0.041162 0.043933 -0.132780 -0.058829 0.076527 0.055691 -0.000662 -0.096569 0.046003 
-0.008613 -0.080805 0.033664 0.133361 0.041990 -0.068778 0.045462 0.039383 -0.024433 -0.020229 -0.037002 -0.047291 -0.015374 0.079266 0.033346 -0.073740 0.048064 -0.045924 -0.055825 -0.024842 0.004630 -0.003072 -0.013357 -0.032120 -0.075008 -0.038941 0.070231 0.069139 0.023728 0.001520 0.071318 
0.002749 -0.093633 0.035006 0.133941 0.028354 -0.026835 0.055235 0.054422 -0.036892 -0.057080 -0.050088 -0.034072 0.015394 0.085360 0.037571 -0.051977 0.025030 -0.031167 -0.071960 -0.001205 0.002501 -0.013568 0.002554 -0.060409 -0.015537 -0.018994 0.007636 0.045122 0.036893 0.049950 0.068151 
0.015461 -0.096912 0.025334 0.131727 0.032632 0.022288 0.060614 0.045889 -0.037266 -0.070172 -0.060557 -0.035098 0.040737 0.076232 0.036321 -0.020750 -0.007828 -0.000739 -0.052399 0.006429 -0.023243 -0.032504 0.017891 -0.051378 0.040797 -0.009946 -0.058391 0.005810 0.047077 0.068537 0.092768 
0.030518 -0.092497 0.020223 0.131475 0.046910 0.067902 0.063624 0.037603 -0.024468 -0.062099 -0.067607 -0.040888 0.062127 0.066631 0.046951 -0.000120 -0.024166 0.015452 -0.013751 0.008255 -0.045001 -0.061256 0.050700 -0.053872 0.074822 0.010097 -0.132819 -0.045331 0.036117 0.069655 0.154868 
0.018441 0.137085 -0.042370 -0.058412 -0.127986 -0.057593 0.029957 -0.037603 0.112913 0.083975 0.006514 0.029331 -0.052875 -0.062509 0.021379 -0.085679 0.033871 -0.018348 -0.015380 -0.090553 0.054046 -0.004930 0.025779 -0.020985 0.066070 0.126757 0.021541 0.029275 0.027360 -0.019467 -0.019368 
-0.004527 0.115689 -0.011198 -0.034552 -0.124141 -0.022116 0.033883 -0.066425 0.028142 0.043324 -0.036280 -0.016431 -0.064662 -0.074951 0.038336 -0.049668 0.057550 0.032758 -0.077357 -0.167838 0.117193 -0.077589 0.052975 -0.053920 0.071480 0.032797 0.079338 0.039098 -0.150622 -0.052444 0.019434 
-0.014791 0.069584 0.016168 -0.017120 -0.084616 -0.014645 0.011161 -0.045366 -0.026804 0.040242 -0.090568 -0.046151 -0.078980 -0.074138 0.042468 0.045494 0.064350 0.105037 -0.116722 -0.156569 0.163173 -0.027967 0.054205 -0.028546 0.007739 0.022200 0.028837 0.018431 -0.087175 -0.031220 0.030320 
-0.017815 0.023026 0.031538 -0.003789 -0.037253 -0.014164 -0.007204 -0.009126 -0.039662 0.059997 -0.121811 -0.061345 -0.097104 -0.078016 0.033892 0.136158 0.056675 0.158352 -0.148592 -0.100030 0.178644 0.049839 0.055296 0.003235 -0.059142 0.060523 -0.028858 0.008047 -0.015295 0.010396 0.054878 
-0.027691 -0.012837 0.042475 0.008522 0.013409 -0.015589 -0.025213 0.027732 -0.051297 0.081146 -0.140694 -0.071759 -0.101041 -0.083456 0.001338 0.201038 0.038890 0.170204 -0.164049 -0.028888 0.143081 0.141592 0.053167 0.007555 -0.117047 0.046303 -0.046136 -0.016685 -0.076891 0.085026 0.100729 
-0.030553 0.010523 -0.035044 -0.008247 -0.012312 0.013522 0.024929 -0.053657 -0.041671 0.014004 0.131291 0.066739 0.109644 -0.140027 0.088455 -0.150160 -0.045988 -0.159940 0.147116 0.089768 -0.186904 -0.096666 0.059465 -0.026511 -0.055035 -0.119763 0.099736 -0.039771 0.006652 0.044860 -0.078329 
-0.018294 -0.023961 -0.027075 0.003386 0.039455 0.012924 0.008032 -0.015235 -0.029856 0.014533 0.114458 0.049843 0.106684 -0.138033 0.052838 -0.127911 -0.050412 -0.071192 0.205960 0.057703 -0.138590 -0.118971 0.055879 -0.014208 0.015515 -0.072039 0.081440 -0.042201 -0.048467 -0.000821 -0.029132 
-0.011575 -0.069901 -0.013397 0.016312 0.087462 0.013442 -0.009180 0.020610 -0.027570 0.014279 0.085065 0.028314 0.074382 -0.128709 0.002387 -0.090641 -0.046031 0.026763 0.226054 0.038281 -0.061035 -0.102373 0.050159 0.026151 0.033040 0.006010 0.017312 -0.030841 0.036947 -0.022479 -0.005027 
0.002469 -0.115026 0.010962 0.032988 0.127425 0.020901 -0.031056 0.046299 -0.050839 -0.026666 0.034057 -0.007731 0.043346 -0.109160 -0.052614 -0.037734 -0.029419 0.113513 0.184039 0.025624 0.009306 -0.086900 0.048305 0.062357 0.068945 0.041857 -0.053382 -0.019180 0.128748 -0.028179 0.003311 
0.028521 -0.134316 0.037669 0.055507 0.130600 0.056445 -0.028266 0.027557 -0.100460 -0.104674 -0.006898 -0.052169 0.022119 -0.059394 -0.074984 0.012169 -0.009103 0.101337 0.060670 0.015716 0.018737 -0.105769 0.024267 0.030979 0.074902 -0.058376 -0.024984 0.004661 -0.008694 0.031249 0.027245 
-0.033860 -0.001575 0.003111 0.001027 0.000042 -0.001090 -0.000010 -0.005917 -0.027575 0.024960 0.001612 -0.003482 -0.003208 -0.084767 -0.016303 0.029146 -0.009080 -0.048137 -0.065193 0.051135 -0.038658 0.031614 0.026171 0.000607 0.002209 0.003977 -0.003238 0.006952 0.000107 -0.004738 -0.006090 
-0.027705 -0.001237 0.002664 0.000671 -0.000032 -0.000924 -0.000031 -0.004253 -0.017898 0.013821 0.002141 -0.004495 -0.006315 -0.079813 -0.031949 0.009634 -0.004707 -0.037793 -0.077630 0.057939 -0.039640 0.028942 0.007584 0.003556 0.016089 0.011011 -0.005397 0.012219 0.002324 -0.020679 -0.011262 
-0.025144 -0.001082 0.002502 0.000453 -0.000082 -0.000864 -0.000116 -0.002693 -0.010536 0.005114 0.002966 -0.005139 -0.008451 -0.074603 -0.045047 -0.005785 -0.001382 -0.029880 -0.088306 0.062657 -0.039619 0.025036 -0.007411 0.006484 0.031594 0.019117 -0.007005 0.018081 0.003704 -0.032439 -0.016153 
-0.024415 -0.001019 0.002509 0.000339 -0.000143 -0.000889 -0.000109 -0.001109 -0.003718 -0.003043 0.003707 -0.005492 -0.010081 -0.069155 -0.055537 -0.020214 0.001693 -0.020991 -0.096861 0.065580 -0.038150 0.020962 -0.017016 0.009136 0.046053 0.027179 -0.007617 0.023857 0.004206 -0.038157 -0.020281 
-0.003009 0.048822 -0.047969 -0.008424 -0.007280 0.014723 0.023236 0.013999 0.042661 0.008648 0.012281 -0.016543 -0.007771 -0.033723 -0.040600 -0.054209 -0.035415 -0.017455 -0.045602 0.028559 -0.086764 -0.013275 -0.014643 0.014624 -0.037589 -0.074227 -0.038098 0.275956 0.068595 -0.022931 0.146845 
-0.005614 0.024223 -0.024548 -0.003150 -0.000953 0.007923 0.016362 0.008866 0.028186 -0.005759 0.010412 -0.009444 -0.009265 -0.037429 -0.045233 -0.035567 -0.017094 -0.009406 -0.060044 0.041979 -0.056899 0.001997 -0.013071 0.010046 -0.004616 -0.031262 -0.016350 0.167385 0.043689 -0.014213 0.079839 
-0.004181 0.000052 0.000487 -0.000082 -0.000657 0.000495 0.000113 0.002740 0.016205 -0.023033 0.000482 -0.004786 -0.010589 -0.038927 -0.048679 -0.025807 0.004691 -0.010075 -0.072090 0.052252 -0.029666 0.021164 -0.015242 0.006388 0.030779 0.017634 -0.010073 0.018048 0.008479 -0.006894 -0.010306 
-0.002832 -0.024215 0.025487 0.002912 -0.000262 -0.007190 -0.016319 -0.004272 0.000815 -0.036400 -0.009948 0.000292 -0.012557 -0.035098 -0.046182 -0.014196 0.026010 -0.010054 -0.071887 0.054696 0.000892 0.044985 -0.012606 0.000894 0.045280 0.055072 0.000480 -0.138245 -0.029306 -0.020778 -0.096670 
0.002469 -0.048459 0.048361 0.007649 0.006295 -0.014085 -0.023764 -0.009905 -0.012642 -0.052576 -0.012924 0.006555 -0.019482 -0.030108 -0.050857 0.002066 0.044553 -0.003100 -0.068306 0.059041 0.034971 0.070354 -0.014609 -0.006497 0.044509 0.078842 0.025819 -0.256033 -0.054568 -0.025879 -0.159996 
0.002491 0.098895 -0.022838 -0.030999 -0.074417 -0.036307 -0.014318 0.022621 0.110807 0.117879 -0.031633 0.005835 -0.037244 -0.047499 -0.038454 0.010195 0.011474 -0.045945 0.032325 0.051135 -0.089238 -0.034553 0.008288 -0.021320 -0.004549 -0.049749 -0.010632 -0.023367 0.134424 0.012562 0.103674 
0.002572 0.073749 -0.008199 -0.020565 -0.057618 -0.024140 -0.007396 0.019648 0.078578 0.096020 -0.029355 -0.006888 -0.036801 -0.060949 -0.036950 0.039516 0.017841 -0.044118 0.017748 0.045554 -0.088729 -0.030705 0.007799 -0.015534 0.009618 -0.086248 0.014426 -0.029796 0.114930 -0.000014 0.077476 
0.004146 0.048903 -0.000132 -0.018278 -0.033978 -0.005128 -0.001283 0.020589 0.036886 0.059002 -0.029091 0.007455 -0.042680 -0.062179 -0.037134 0.066205 -0.001108 -0.018894 0.013959 0.057866 -0.061398 -0.016205 0.005596 0.060191 0.033376 -0.114743 0.104902 0.010193 0.110707 -0.003801 0.079543 
0.008758 0.014324 0.007212 -0.014445 -0.012875 -0.010570 -0.000987 0.007851 0.016957 0.021354 -0.024228 0.006411 -0.047487 -0.053106 -0.049614 0.082003 0.026619 0.011803 0.006758 0.072962 -0.026624 0.016661 0.008210 0.079132 0.031663 -0.145198 0.083337 0.031356 0.051756 0.011193 0.009301 
0.010173 0.049082 -0.006066 -0.019414 -0.032667 -0.015218 -0.001397 0.021612 0.051597 0.063719 -0.029717 0.008544 -0.042603 -0.061309 -0.040805 0.057915 0.013756 -0.004304 0.010712 0.066352 -0.065594 -0.022210 0.026684 0.034905 0.048908 -0.103646 0.053372 -0.001763 0.083406 0.011602 0.066664 
0.009480 0.077642 -0.012525 -0.023132 -0.056909 -0.034638 -0.007679 0.020496 0.094936 0.100422 -0.028740 -0.006709 -0.037763 -0.062641 -0.039367 0.026781 0.032253 -0.033460 0.014741 0.054660 -0.096962 -0.037908 0.027607 -0.041775 0.022035 -0.075432 -0.039261 -0.044339 0.081636 0.015246 0.078758 
0.010924 -0.012554 -0.007668 0.014004 0.012218 0.011671 0.000853 -0.011316 -0.019320 -0.026695 0.018938 -0.016878 0.027597 -0.060479 0.016206 -0.044307 -0.036651 -0.087541 -0.054879 -0.020597 -0.020016 0.044200 0.008619 -0.084056 -0.077734 0.115363 -0.102378 -0.037277 -0.025175 0.010373 -0.003006 
0.009537 -0.047333 -0.000166 0.018374 0.033353 0.006175 0.001084 -0.026565 -0.051716 -0.047465 0.025105 -0.017482 0.029855 -0.065191 0.016867 0.001184 -0.015912 -0.076896 -0.058520 -0.015389 0.016191 0.061974 -0.001891 -0.065310 -0.052892 0.096558 -0.129931 -0.014880 -0.079574 -0.003037 -0.076317 
0.010455 -0.072242 0.007995 0.020651 0.056991 0.025042 0.007196 -0.025960 -0.094418 -0.084135 0.025608 -0.002926 0.021135 -0.059032 0.008808 0.023652 -0.034848 -0.055547 -0.062957 -0.000829 0.041519 0.085860 -0.006195 0.009314 -0.040667 0.061764 -0.040050 0.022985 -0.082864 -0.014336 -0.076538 
0.012755 -0.097594 0.022401 0.030664 0.074025 0.036318 0.014169 -0.026819 -0.119702 -0.115191 0.028919 -0.014404 0.017892 -0.039999 0.000513 0.026711 -0.022341 -0.032166 -0.072222 -0.009702 0.049181 0.087660 -0.008059 0.017830 -0.025863 0.028049 -0.010944 0.021064 -0.105163 0.009018 -0.101732 
0.017859 -0.075457 0.011122 0.022681 0.056491 0.036031 0.008488 -0.025665 -0.100883 -0.098215 0.025132 -0.003333 0.025016 -0.058790 0.008407 0.015035 -0.042569 -0.037726 -0.077947 0.006563 0.045201 0.082325 0.013344 0.038286 -0.026296 0.066038 0.013998 0.043583 -0.051118 -0.013106 -0.077084 
0.015499 -0.046989 0.004713 0.019052 0.032250 0.016709 0.002188 -0.026484 -0.057960 -0.059913 0.026360 -0.018135 0.034204 -0.062483 0.018850 -0.010273 -0.024741 -0.063441 -0.072074 -0.009712 0.017594 0.054381 0.020596 -0.037345 -0.036328 0.103847 -0.077910 0.004078 -0.054157 -0.000166 -0.062281 
0.025742 0.082690 -0.116491 -0.018271 -0.007623 0.046911 0.019554 0.116550 0.007675 -0.023277 -0.101959 0.012469 -0.002371 0.066259 -0.019985 -0.043127 -0.015274 0.018900 0.053497 -0.009109 -0.085582 -0.107577 -0.042130 0.102126 -0.098150 0.041222 -0.028643 -0.046720 -0.017554 -0.121763 0.009994 
0.018942 0.050994 -0.064842 0.007151 0.006445 0.039966 -0.009278 0.083303 0.003457 -0.040502 -0.073198 0.047935 0.010299 0.037493 -0.002561 -0.010557 -0.004775 0.022756 -0.018033 -0.075662 -0.048758 -0.098150 -0.036843 0.118692 -0.068265 0.007499 -0.027552 -0.002019 -0.025312 -0.063473 -0.020419 
0.009564 0.010672 -0.011847 0.005301 0.009754 0.020609 0.006136 0.054817 0.016191 -0.046830 -0.022609 0.045669 0.013740 0.012716 0.004069 0.024186 -0.024438 0.025827 -0.062321 -0.073466 -0.040489 -0.060403 -0.020078 0.119322 -0.050950 -0.029234 -0.027199 0.019665 -0.036920 0.002235 -0.037227 
0.009234 0.001014 -0.000995 -0.000397 -0.000496 0.002256 -0.001072 0.010840 0.038771 -0.039757 -0.003801 0.000338 0.000583 0.015497 0.012924 0.006005 0.000610 0.000690 -0.003637 0.008953 -0.003622 0.002033 -0.030605 0.000606 -0.006424 -0.005187 -0.002033 0.001804 0.001699 0.020719 0.000389 
0.008752 -0.008941 0.009283 -0.005779 -0.010353 -0.015955 -0.008235 -0.029990 0.065854 -0.029824 0.016895 -0.042239 0.002543 0.022004 0.050301 0.006382 0.023472 -0.015126 0.045757 0.092593 0.032463 0.035675 -0.041942 -0.116029 0.074287 0.036298 0.024656 -0.015104 0.034563 -0.056024 0.037919 
0.022478 -0.048301 0.060608 -0.008805 -0.006469 -0.035748 0.006975 -0.061702 0.074271 -0.030834 0.069590 -0.044929 0.000020 0.040972 0.040418 0.004227 0.011706 0.021065 0.049569 0.051486 0.070136 0.053958 -0.062549 -0.118571 0.073798 -0.012667 0.029143 -0.007810 0.021844 -0.086619 0.021986 
0.035241 -0.079509 0.110604 0.015989 0.007229 -0.043062 -0.021157 -0.096910 0.068142 -0.047493 0.098760 -0.008137 0.004414 0.061845 0.026233 -0.006720 0.029869 0.042361 -0.011368 -0.014775 0.101413 0.097673 -0.063524 -0.108103 0.040815 -0.080682 0.031590 0.014373 0.013159 -0.110097 -0.005510 
0.030881 -0.048969 0.065579 -0.013284 -0.009722 -0.032552 0.006869 -0.062199 0.078756 -0.040258 0.067506 -0.047261 -0.003186 0.068168 0.051612 -0.006475 0.015444 0.025037 0.072062 0.022554 0.081203 0.053222 -0.054369 -0.115118 0.081691 -0.028058 0.037877 -0.011260 0.024500 0.002997 0.015955 
0.021493 -0.009950 0.011933 -0.010125 -0.012292 -0.013552 -0.003319 -0.027047 0.073855 -0.042725 0.017793 -0.047483 0.003752 0.060168 0.063531 0.001474 0.020597 0.001923 0.086607 0.056711 0.057546 0.025710 -0.018682 -0.113170 0.088357 0.030971 0.028673 -0.017314 0.047152 0.092098 0.042242 
0.021385 0.002068 -0.001611 -0.000595 -0.001111 0.003473 -0.000690 0.012535 0.047961 -0.049605 -0.006232 0.002070 0.003250 0.048772 0.026402 0.005679 0.000941 0.013474 0.041236 -0.025100 0.021612 -0.014775 -0.009360 -0.001190 0.003215 0.001255 -0.002540 0.003589 0.004939 0.157583 0.003431 
0.022212 0.013900 -0.015760 0.009240 0.010307 0.020779 0.002309 0.055584 0.028505 -0.056859 -0.028732 0.054794 0.016879 0.049372 0.012840 0.019425 -0.018848 0.039272 -0.014887 -0.102442 -0.016109 -0.079141 0.004269 0.112656 -0.048827 -0.012097 -0.032933 0.025904 -0.042813 0.149221 -0.036001 
0.027106 0.052972 -0.070459 0.011197 0.008646 0.038309 -0.008712 0.086251 0.011736 -0.046696 -0.074918 0.052840 0.013380 0.062177 -0.004798 -0.011191 -0.006004 0.037224 0.016679 -0.085823 -0.030370 -0.107550 -0.028794 0.112432 -0.084727 0.020444 -0.035870 -0.000530 -0.025064 0.031113 -0.010917 
0.033251 0.080348 -0.116430 -0.019280 -0.001729 0.046089 0.027655 0.112094 0.002627 -0.038735 -0.100175 0.009404 -0.010032 0.063008 -0.020453 -0.033214 -0.012897 0.033266 0.038508 -0.013967 -0.071527 -0.109714 -0.038392 0.102893 -0.091809 0.033528 -0.013052 -0.083119 0.004012 -0.124634 0.025101 
0.003555 0.010617 -0.011452 0.004969 0.009438 0.020166 0.007188 0.055482 0.016113 -0.045550 -0.025246 0.046899 0.013207 0.025297 0.006163 0.026008 -0.023448 0.023212 -0.050328 -0.080734 -0.038065 -0.058794 -0.002941 0.120065 -0.055909 -0.027959 -0.027522 0.021964 -0.040456 0.053624 -0.038631 
0.004549 0.000912 -0.000566 -0.000131 -0.000645 0.002280 -0.000956 0.011165 0.037357 -0.039218 -0.003924 0.001481 0.001155 0.026323 0.015283 0.008416 -0.000548 -0.001260 0.004295 0.003937 0.000159 0.004969 -0.014630 -0.000249 -0.009237 -0.005426 -0.001382 0.003067 0.001581 0.059827 0.000023 
0.002829 -0.009170 0.009979 -0.004801 -0.010465 -0.015459 -0.009031 -0.029778 0.063317 -0.031164 0.018773 -0.040960 0.003654 0.034330 0.053147 0.008307 0.020295 -0.015670 0.054933 0.085438 0.040730 0.040896 -0.025660 -0.118889 0.071272 0.034115 0.026775 -0.014769 0.037690 -0.005039 0.040397 
0.042374 -0.076293 0.109324 0.016220 0.001608 -0.041718 -0.029478 -0.091497 0.083311 -0.042197 0.096209 -0.007532 0.010212 0.052876 0.026440 -0.021704 0.030482 0.037360 0.004277 -0.010939 0.089544 0.091764 -0.057414 -0.108562 0.040700 -0.071245 0.015935 0.051411 -0.007018 -0.119697 -0.018293 
0.008565 -0.010970 0.013236 -0.007645 -0.011682 -0.015294 -0.005239 -0.029136 0.066895 -0.034769 0.016911 -0.045725 0.001825 0.047975 0.057662 0.005597 0.021263 -0.011287 0.074382 0.071975 0.048279 0.035912 -0.026462 -0.115741 0.065315 0.037166 0.027527 -0.012839 0.039120 0.034135 0.039110 
0.010631 0.001312 -0.000748 -0.000317 -0.000922 0.002662 -0.000911 0.011544 0.040618 -0.042632 -0.005069 0.002063 0.001123 0.040494 0.019123 0.006877 -0.000277 0.003440 0.025785 -0.012870 0.011420 -0.001403 -0.021419 -0.001092 -0.011765 -0.006203 -0.001027 0.001561 0.002154 0.102921 0.001986 
0.009018 0.013244 -0.015029 0.007527 0.010087 0.020878 0.003702 0.055669 0.019635 -0.049677 -0.025951 0.052726 0.014963 0.037598 0.008324 0.023644 -0.023344 0.029096 -0.032323 -0.094758 -0.026842 -0.061422 -0.004213 0.114926 -0.058146 -0.034243 -0.027789 0.016973 -0.041014 0.095040 -0.034270 
0.035903 0.102095 0.074997 -0.041088 -0.027806 0.134826 -0.002277 0.023364 0.063772 -0.024427 0.130489 -0.010901 -0.133877 -0.159445 0.069041 -0.183320 -0.121766 0.007729 -0.178680 0.149005 0.179390 -0.213418 -0.280181 0.025267 0.099210 0.000195 -0.176243 0.000819 -0.029367 0.021777 0.097342 
-0.010524 0.074537 0.086063 -0.032093 -0.045890 0.127612 -0.021615 0.030304 -0.018063 -0.037565 0.056426 -0.017545 -0.079606 -0.189252 0.057803 -0.081907 -0.080251 0.000753 -0.089025 0.087359 0.088762 -0.100880 -0.223972 0.050326 0.060554 -0.025022 -0.095886 -0.004750 0.003080 0.053924 0.046205 
-0.052951 0.055504 0.090793 -0.030738 -0.078526 0.106633 -0.045002 0.028649 -0.099450 -0.052641 -0.002822 -0.029135 -0.020509 -0.221400 0.054821 0.018024 -0.030843 0.001640 -0.000682 0.000653 0.003737 -0.003551 -0.127953 0.028802 0.016391 -0.052215 0.007848 -0.035487 0.036868 0.047782 -0.029957 
-0.080800 0.036472 0.086641 -0.033408 -0.104455 0.080115 -0.060408 0.016744 -0.143700 -0.049284 -0.020477 -0.052076 0.024483 -0.227265 0.037639 0.098504 0.007340 -0.032961 0.060424 -0.091672 -0.044941 0.036985 -0.027604 -0.019263 -0.020702 -0.040826 0.093049 -0.025386 0.068087 -0.034593 -0.065854 
-0.086042 0.021243 0.055650 -0.045509 -0.101600 0.039963 -0.056964 -0.028436 -0.128749 -0.033620 -0.016639 -0.080174 0.067115 -0.184221 0.007579 0.166436 0.018315 -0.076197 0.065374 -0.140433 -0.096246 0.020452 0.080787 -0.022185 -0.042938 0.035024 0.104573 0.044307 0.050084 -0.100116 -0.053208 
-0.071773 0.005289 0.010657 -0.059733 -0.101289 0.001672 -0.035068 -0.079755 -0.059847 0.012139 -0.019980 -0.081589 0.102132 -0.131169 -0.042643 0.190675 0.020177 -0.108131 0.065761 -0.127640 -0.091500 -0.022622 0.135353 -0.029220 -0.000334 0.098284 0.030381 0.135875 0.007981 -0.045106 -0.015410 
-0.045453 -0.023177 -0.026348 -0.085959 -0.096249 -0.035841 0.003355 -0.109746 0.029726 0.062535 -0.057959 -0.049120 0.134660 -0.072231 -0.106456 0.179350 0.030672 -0.131708 0.051148 -0.058691 0.009171 -0.059210 0.152644 0.000998 0.027999 0.070512 -0.034553 0.096468 -0.035945 0.047171 0.044787 
-0.015279 -0.060786 -0.041989 -0.104616 -0.088383 -0.070053 0.041333 -0.091000 0.101976 0.087222 -0.090717 -0.005406 0.155347 -0.032362 -0.121592 0.085279 0.076068 -0.110040 0.011228 0.035656 0.167403 -0.099823 0.092947 0.035989 -0.005358 -0.005577 -0.038992 -0.043194 -0.003233 0.077772 0.046375 
-0.003263 -0.072853 -0.045534 -0.106109 -0.085948 -0.081098 0.063576 -0.081564 0.145498 0.098610 -0.108877 0.011009 0.171959 -0.007635 -0.096356 0.021272 0.119878 -0.074961 -0.008344 0.087609 0.191752 -0.100159 0.011712 0.054588 -0.073544 -0.085769 -0.044949 -0.114620 0.005620 0.031631 0.033473 
0.008527 -0.058493 -0.045160 -0.106845 -0.088304 -0.070846 0.044699 -0.084024 0.137585 0.061429 -0.101571 0.003220 0.171661 0.023814 -0.064174 -0.008643 0.108539 0.019503 -0.022893 0.110477 0.136165 -0.059061 -0.078997 0.034440 -0.145064 -0.072923 -0.014295 -0.081479 -0.029572 -0.046679 0.045809 
0.038380 -0.017623 -0.034682 -0.091300 -0.096322 -0.038110 0.009303 -0.095134 0.113247 -0.004215 -0.070025 -0.033677 0.153687 0.075560 -0.052400 -0.059268 0.102830 0.152467 -0.021932 0.078541 -0.038459 -0.020696 -0.159808 -0.000833 -0.167480 -0.016374 0.012661 0.041183 -0.085031 -0.048908 0.046680 
0.068365 0.012068 -0.000957 -0.065980 -0.101794 -0.001527 -0.029808 -0.059426 0.043532 -0.074037 -0.018745 -0.060080 0.114012 0.139326 -0.056350 -0.090359 0.096641 0.177652 -0.036617 0.028175 -0.148382 0.001033 -0.146967 -0.031096 -0.120129 0.052979 0.066051 0.105237 -0.029312 0.037289 -0.018539 
0.087483 0.027981 0.042260 -0.051935 -0.101486 0.037511 -0.053489 -0.004891 -0.026609 -0.118578 0.001568 -0.053877 0.082236 0.193321 -0.070496 -0.094951 0.082878 0.153924 -0.057146 0.005660 -0.148880 -0.001344 -0.086655 -0.018227 0.007327 0.073857 0.109941 0.056279 0.034198 0.102214 -0.080030 
0.085607 0.041174 0.074554 -0.038426 -0.103423 0.079865 -0.059129 0.040292 -0.061894 -0.114551 0.009482 -0.021352 0.047049 0.230031 -0.065885 -0.079638 0.043912 0.089620 -0.038808 0.015127 -0.090620 0.023124 0.027834 -0.015801 0.096712 0.023267 0.075285 0.000454 0.069186 0.044392 -0.109889 
0.057579 0.057253 0.083735 -0.032836 -0.077385 0.106436 -0.045608 0.042374 -0.070084 -0.070171 0.026217 0.000961 0.000782 0.226370 -0.026089 -0.055944 -0.028588 0.012970 0.005492 0.006748 -0.002007 0.026383 0.132032 0.026015 0.063760 -0.028179 -0.009909 -0.023513 0.048512 -0.044224 -0.061873 
0.013365 0.073612 0.085449 -0.030422 -0.045554 0.127109 -0.022226 0.029648 -0.051153 0.005188 0.074057 0.012818 -0.052989 0.197070 0.059759 -0.046836 -0.109510 -0.072699 0.031052 0.014297 0.108977 0.018286 0.236531 0.035378 -0.061654 -0.080721 -0.095032 -0.021255 0.012221 -0.059710 0.036153 
-0.036081 0.097911 0.081652 -0.035350 -0.028959 0.133881 -0.003612 0.009667 -0.031811 0.077526 0.137463 0.021445 -0.105013 0.169836 0.140149 -0.037190 -0.185069 -0.169345 0.030559 0.019968 0.210141 0.005344 0.304173 -0.002070 -0.194563 -0.135183 -0.160800 -0.042500 -0.020551 -0.034080 0.104179 
0.066766 -0.000642 0.072997 0.021863 0.164762 -0.062517 -0.032618 0.112235 0.135610 0.073361 -0.091150 -0.045071 0.111714 -0.021255 -0.076723 0.065200 -0.162350 0.075681 -0.016049 0.258529 -0.124252 0.349366 0.149188 0.071761 -0.065415 0.085843 -0.075451 -0.003072 0.084252 -0.043720 0.003481 
0.062905 0.038357 0.067500 0.031391 0.109099 -0.058217 0.005503 0.048207 0.100680 0.022096 -0.077535 -0.052828 0.108069 -0.038133 -0.061092 -0.053775 -0.137350 0.024327 -0.051522 0.131498 -0.090012 0.139338 0.164400 -0.032366 0.039660 -0.033360 0.067801 0.005165 -0.181836 -0.080972 -0.005088 
0.061645 0.058643 0.072477 0.038930 0.077387 -0.059922 0.015211 -0.007128 0.036365 -0.041304 -0.108967 -0.078003 0.107192 -0.036249 -0.021025 -0.110348 -0.107225 0.034940 -0.095215 0.019880 -0.057006 -0.047237 0.148997 -0.081582 0.092674 -0.094732 0.125980 -0.000348 -0.255914 -0.126353 0.013280 
0.048986 0.055115 0.066543 0.053496 0.065469 -0.081608 0.021793 -0.041223 -0.012663 -0.064617 -0.134735 -0.071880 0.099840 -0.022958 0.003876 -0.099198 -0.098927 0.042597 -0.112219 -0.017724 -0.042151 -0.144117 0.108682 -0.088870 0.036881 -0.086598 0.047292 -0.043552 -0.060004 -0.130509 -0.051617 
0.024787 0.037096 0.071276 0.057733 0.066195 -0.102959 0.027302 -0.061943 -0.041682 -0.061372 -0.149393 -0.063934 0.048076 -0.002561 0.023883 -0.020913 -0.084831 0.066616 -0.147666 -0.039038 0.046211 -0.149656 0.075414 -0.048149 -0.044835 -0.019935 -0.068214 -0.028592 0.318342 -0.097972 -0.086014 
-0.023052 0.035741 0.074414 0.060345 0.064178 -0.106181 0.025767 -0.054693 -0.046984 -0.061469 -0.146822 -0.061208 0.029355 0.054404 0.000418 0.030156 -0.107402 -0.032073 -0.124002 -0.057071 0.040693 -0.093734 -0.065161 -0.050290 -0.109948 -0.044902 -0.081825 -0.014731 0.342234 0.073896 -0.076406 
-0.048296 0.051613 0.073164 0.058333 0.062601 -0.084738 0.018204 -0.037636 -0.048173 -0.034495 -0.131640 -0.066117 0.082669 0.053488 -0.008270 0.007948 -0.137710 -0.120653 -0.037918 -0.089774 -0.027536 -0.085978 -0.098877 -0.091057 -0.033511 -0.117620 0.027994 -0.027764 -0.028831 0.132692 -0.050954 
-0.060617 0.054235 0.080383 0.044542 0.074573 -0.062617 0.010985 -0.012058 -0.027883 0.021722 -0.107209 -0.069792 0.097965 0.046730 -0.011368 0.003363 -0.146891 -0.123275 0.034693 -0.107964 -0.010832 -0.015737 -0.150416 -0.082500 0.026548 -0.126100 0.108453 0.006977 -0.227164 0.145267 0.005825 
-0.062004 0.034289 0.074899 0.036693 0.107429 -0.059059 0.002784 0.034292 0.029999 0.093120 -0.077710 -0.050271 0.107980 0.013734 -0.036292 -0.006843 -0.154030 -0.014886 0.168090 -0.115607 0.054496 0.037751 -0.177005 -0.021120 0.112001 0.003061 0.058180 0.026108 -0.165194 0.089746 -0.018935 
-0.064523 -0.004130 0.080430 0.026618 0.164567 -0.061116 -0.033309 0.088199 0.064353 0.136800 -0.090691 -0.055872 0.098892 -0.020950 -0.103339 0.015662 -0.152307 0.146021 0.291757 -0.129925 0.137865 0.111429 -0.177619 0.102737 0.194874 0.215219 -0.090577 0.055335 0.105279 -0.001035 -0.017694 
-0.000485 0.027099 0.008689 0.057108 0.047181 0.002206 0.044106 0.010713 0.011486 0.008797 0.077318 -0.030288 0.011655 -0.003024 -0.001948 -0.024886 0.046043 -0.055079 -0.035003 -0.004262 0.028899 -0.100727 0.005369 -0.035728 -0.115132 0.084173 0.278212 -0.085866 0.168122 0.044180 0.017205 
-0.000330 0.011804 0.002000 0.070179 0.014330 0.015189 -0.015926 -0.004744 -0.005533 -0.010459 0.078909 -0.046502 0.037843 -0.004537 0.000530 -0.027571 0.025109 -0.045943 0.009037 0.038722 0.034140 -0.063484 0.003531 0.060693 -0.077766 0.094990 0.144190 -0.118530 0.078074 0.020943 0.031525 
-0.000278 -0.001324 -0.004445 0.082108 -0.019073 0.025348 -0.077079 -0.024087 -0.018251 -0.027216 0.076617 -0.063671 0.069260 -0.006013 0.001262 -0.029458 0.011694 -0.038183 0.051444 0.082346 0.046066 -0.022725 0.001054 0.150225 -0.041274 0.107999 0.006897 -0.152183 -0.000478 -0.001009 0.052425 
0.000578 -0.026062 -0.003073 0.098523 -0.046540 0.030615 -0.137071 -0.037489 -0.038260 -0.048655 0.066420 -0.080470 0.100249 -0.007283 -0.004932 -0.017433 0.004201 -0.016613 0.086720 0.118036 0.064886 0.027715 -0.001074 0.254022 -0.001097 0.108692 -0.136623 -0.181626 -0.094337 -0.020174 0.034491 
0.004735 -0.017921 -0.056653 0.068629 -0.002018 0.011717 -0.062567 -0.020239 -0.001320 -0.029654 0.087938 -0.001425 -0.011460 0.005507 -0.017940 0.018663 -0.043143 0.028301 0.023643 0.074013 0.096056 0.011611 0.043165 0.072697 -0.059687 0.001422 0.075090 0.157527 -0.012296 0.084415 0.122872 
0.006645 -0.028113 -0.047124 0.071225 -0.002829 0.008117 -0.077644 -0.020310 -0.016319 -0.032473 0.075794 0.003112 -0.008522 0.002622 -0.011038 0.014586 -0.019779 0.020013 0.018168 0.077150 0.109089 -0.001335 0.018592 0.097281 -0.046134 0.024999 0.059556 0.052639 -0.050995 0.040240 0.063944 
0.001290 -0.042497 -0.033109 0.074163 -0.004931 0.005834 -0.090313 -0.021836 -0.029448 -0.030622 0.070100 0.001252 0.000784 -0.004704 -0.009351 0.017444 -0.004249 0.005414 0.014504 0.088811 0.132411 0.001375 -0.001233 0.121907 -0.031085 0.034543 0.045928 -0.024891 -0.087403 0.005952 0.022256 
-0.005996 -0.028914 -0.046363 0.070956 -0.002350 0.007569 -0.078394 -0.023476 -0.030110 -0.016806 0.077563 0.003013 -0.006326 -0.011304 -0.008341 0.026031 -0.021511 0.010198 0.011100 0.079109 0.104325 -0.008464 -0.024635 0.096734 -0.040438 0.024415 0.058106 0.046508 -0.052004 -0.026025 0.061571 
-0.005720 -0.018907 -0.056538 0.067671 -0.001051 0.011437 -0.063822 -0.026677 -0.023119 -0.001599 0.090973 -0.001248 -0.002592 -0.015171 -0.006890 0.031883 -0.043247 0.025767 0.014465 0.075927 0.089142 -0.015014 -0.055522 0.071927 -0.041310 0.002268 0.071635 0.141628 -0.015175 -0.073161 0.115721 
0.059328 0.044739 0.024582 0.020150 0.093796 0.011898 0.075140 0.011798 0.035576 -0.043079 0.050711 0.020405 -0.050217 -0.030745 0.001246 -0.040898 0.174878 0.051746 -0.013591 0.030082 -0.030127 0.020847 0.138381 -0.000270 0.027641 0.031294 -0.019784 0.024365 -0.054163 -0.022797 -0.008757 
0.048343 0.046132 0.024304 0.030694 0.089670 -0.020158 0.071146 0.012622 0.043809 -0.021686 0.061781 -0.013433 -0.026532 -0.029197 -0.004263 -0.045596 0.253820 0.025421 -0.006007 0.006998 -0.065158 -0.014013 0.126616 -0.119988 0.005794 0.011318 -0.194071 -0.058507 -0.096539 0.006454 -0.033756 
0.039099 0.042937 0.026141 0.033608 0.082483 -0.019876 0.069499 0.003652 0.036574 -0.012002 0.067041 -0.013492 -0.022216 -0.022164 0.008712 -0.031973 0.247068 0.014750 0.000584 0.001064 -0.051263 -0.025816 0.094349 -0.105037 0.007130 0.020749 -0.161190 -0.038500 -0.053413 -0.005651 -0.047555 
0.027603 0.025601 0.028562 0.038145 0.085189 0.012927 0.069215 -0.004150 0.004409 -0.025747 0.053767 0.005795 -0.039424 -0.013695 0.020369 -0.010838 0.120964 0.035719 -0.004022 0.021157 0.003623 -0.000713 0.055159 0.043016 0.002133 0.020731 0.119471 0.073504 0.080716 0.008749 -0.016518 
0.037285 0.036300 0.013372 0.029604 0.100908 0.028631 0.076353 0.003227 -0.001864 -0.043069 0.047977 0.030603 -0.052285 -0.016697 0.012506 -0.009927 0.159104 0.042915 0.009796 0.027921 -0.003979 0.019309 0.083588 0.060381 0.004277 0.021688 0.092743 0.084692 0.059188 -0.002484 0.027026 
0.048555 0.039471 0.009511 0.024455 0.105718 0.028328 0.074414 0.007615 0.006303 -0.052017 0.041838 0.035180 -0.052237 -0.018669 0.005321 -0.019479 0.166883 0.057388 0.006640 0.033084 -0.008585 0.016030 0.109934 0.054211 0.029942 0.020150 0.054495 0.072250 0.022803 -0.011006 0.038021 
-0.026768 0.022012 0.033065 0.040249 0.085086 0.011477 0.067170 -0.005243 -0.026551 0.003618 0.057152 0.011505 -0.040057 0.018135 0.018507 0.054365 0.098804 -0.051696 0.018327 -0.003025 0.003514 0.017370 -0.058764 0.042880 -0.024963 0.004074 0.112827 0.066229 0.087102 -0.030566 -0.023183 
-0.040607 0.038591 0.032371 0.036429 0.081686 -0.021559 0.066678 0.000901 -0.006512 0.028907 0.067965 -0.005466 -0.022374 0.017693 0.019741 0.050948 0.220236 -0.091860 0.046715 -0.040932 -0.044470 -0.000999 -0.087748 -0.105587 -0.040197 -0.005620 -0.167621 -0.048516 -0.045181 0.039251 -0.053203 
-0.050141 0.040847 0.031836 0.033939 0.088991 -0.022092 0.067124 0.007586 -0.016025 0.039711 0.064205 -0.002379 -0.017663 0.023449 0.024489 0.065880 0.220306 -0.100169 0.059222 -0.057311 -0.049811 -0.007472 -0.120068 -0.119975 -0.025317 -0.008941 -0.203824 -0.070844 -0.087162 0.039218 -0.042903 
-0.060026 0.038507 0.033652 0.023978 0.092933 0.009554 0.070117 0.002910 -0.042158 0.037849 0.053682 0.033774 -0.038094 0.029238 0.034660 0.080358 0.137772 -0.087160 0.058046 -0.039675 -0.014668 0.031475 -0.139761 -0.001336 -0.012223 0.006199 -0.028868 0.008109 -0.046553 0.012464 -0.019290 
-0.049397 0.034046 0.017269 0.027513 0.105238 0.025714 0.070522 0.001359 -0.056577 0.011952 0.044621 0.045774 -0.045609 0.021072 0.026218 0.083636 0.135167 -0.066983 0.046659 -0.005450 -0.010121 0.041086 -0.115864 0.052667 -0.018598 -0.008783 0.046845 0.055460 0.029342 -0.014512 0.029733 
-0.037585 0.031797 0.019316 0.032100 0.100644 0.026819 0.073557 -0.000105 -0.047379 0.003055 0.051425 0.039236 -0.045601 0.019986 0.025173 0.071339 0.133802 -0.054908 0.034220 -0.000032 -0.004478 0.030409 -0.089503 0.061083 -0.012845 0.009143 0.084930 0.076033 0.064752 -0.027374 0.016520 
0.021776 0.000569 -0.112966 -0.013492 -0.017320 -0.001927 0.024386 0.015244 0.003577 -0.024708 -0.013159 0.086888 -0.113983 -0.014208 -0.013997 0.045320 -0.091232 0.111074 0.023729 -0.049985 -0.075302 -0.006636 0.069496 -0.085531 -0.044843 0.123565 0.066553 -0.108317 -0.062665 0.165286 0.059299 
0.013859 -0.016364 -0.121370 0.028989 -0.012882 0.015206 -0.113418 0.011816 0.011565 -0.008743 -0.036466 0.126194 -0.055484 -0.020129 0.011420 -0.039612 -0.035847 0.009542 -0.010402 -0.057949 -0.035226 0.028243 0.049967 -0.104605 -0.008618 0.030566 -0.007132 0.029719 0.007865 0.133010 0.007191 
0.007421 -0.017205 -0.116993 0.046883 -0.019113 0.010477 -0.176228 -0.003670 0.029797 0.019760 -0.059044 0.135749 -0.027208 -0.010487 0.027764 -0.083309 0.002796 -0.050551 -0.001685 -0.039107 -0.002757 0.009603 0.016126 -0.108124 0.005208 0.021668 -0.055462 0.064745 -0.001159 0.050486 -0.012236 
-0.001273 -0.028901 -0.119524 0.048314 -0.011790 0.004751 -0.177036 -0.001517 0.017277 0.022760 -0.055494 0.139374 -0.025038 -0.012953 0.027796 -0.064088 -0.001973 -0.043704 -0.010596 -0.018574 0.000628 0.009142 0.006309 -0.094739 0.022942 0.015078 -0.056792 0.053571 0.014148 -0.010340 -0.041983 
-0.010058 -0.018908 -0.115546 0.046488 -0.018654 0.009325 -0.176894 -0.004826 0.016567 0.035231 -0.055099 0.138375 -0.018601 -0.014464 0.034320 -0.066253 -0.000157 -0.060917 -0.030756 -0.020528 -0.014161 -0.004695 -0.002799 -0.105075 0.027087 0.028890 -0.053362 0.061724 -0.006850 -0.068108 -0.010635 
-0.017091 -0.019785 -0.118870 0.028471 -0.011939 0.014200 -0.115946 0.009419 -0.015470 0.024716 -0.028883 0.132892 -0.036452 0.004500 0.020884 -0.012826 -0.040555 -0.007498 -0.042717 -0.043127 -0.047893 -0.008027 -0.045522 -0.100903 0.030035 0.038529 -0.007056 0.014874 -0.003804 -0.139273 0.004937 
-0.027045 -0.004251 -0.109050 -0.013814 -0.016086 -0.003362 0.021023 0.013161 -0.033430 0.017570 -0.003402 0.095937 -0.095093 0.025750 -0.022752 0.087881 -0.100735 0.056034 -0.040552 -0.008533 -0.112006 -0.024198 -0.081741 -0.079405 -0.004575 0.127117 0.056914 -0.123787 -0.070138 -0.160081 0.044566 
-0.011668 -0.089789 -0.013260 -0.074953 -0.042925 -0.018405 0.107569 0.048408 -0.024683 0.026760 0.020038 -0.008466 -0.095446 0.021170 0.007894 0.045869 -0.063293 0.059829 -0.051404 -0.063202 -0.069513 0.042818 -0.093486 0.073107 0.094805 -0.086737 -0.013710 -0.066058 -0.004880 -0.215308 -0.029225 
-0.003483 -0.122438 0.007611 -0.107604 -0.062173 -0.023350 0.142525 0.059381 -0.011075 0.027941 0.027007 -0.071900 -0.095188 0.013337 0.041295 0.016040 -0.053578 0.045002 -0.017989 -0.033947 -0.042639 0.065392 -0.040915 0.080950 0.132282 -0.169875 -0.048510 -0.029269 0.046391 -0.104474 -0.058338 
0.003488 -0.127607 0.007130 -0.110838 -0.063081 -0.023297 0.145396 0.060735 -0.003502 0.022345 0.025259 -0.085892 -0.096253 0.009505 0.045526 0.002663 -0.056659 0.037614 0.002133 -0.027263 -0.033448 0.079887 -0.004046 0.073606 0.129832 -0.181247 -0.054353 -0.018964 0.062905 -0.006913 -0.066010 
0.010763 -0.120813 0.006319 -0.106667 -0.063123 -0.021893 0.143890 0.059415 0.000562 0.013024 0.021976 -0.074314 -0.103517 0.005369 0.038273 0.007036 -0.054053 0.045514 0.007123 -0.045236 -0.035380 0.093412 0.032472 0.075984 0.108150 -0.173818 -0.050363 -0.022326 0.054722 0.101048 -0.060581 
0.016469 -0.086513 -0.015845 -0.073597 -0.044637 -0.016604 0.110631 0.049588 0.001990 -0.004807 0.010093 -0.012668 -0.106559 -0.006396 0.027724 0.033815 -0.063017 0.077573 -0.006439 -0.077726 -0.052772 0.083175 0.087129 0.064449 0.054276 -0.087905 -0.008370 -0.049982 0.006247 0.223676 -0.023127 
0.019002 -0.014965 -0.092300 -0.012071 -0.023283 -0.003361 0.012006 0.015966 0.002201 -0.020621 -0.008850 0.084162 -0.099682 -0.008715 -0.007650 0.036315 -0.083592 0.093899 0.007991 -0.062652 -0.058259 0.015054 0.047965 -0.066567 -0.012800 0.065400 0.051911 -0.085799 -0.068271 0.154037 0.029899 
0.006480 -0.011381 -0.138735 0.028307 -0.011907 0.005769 -0.112993 0.002468 0.000286 -0.005665 0.013743 0.116774 -0.027677 -0.006271 0.019939 -0.027460 -0.021469 0.009714 -0.036858 -0.060261 0.046888 0.065579 0.013491 -0.096906 0.056355 -0.096093 0.019156 -0.064597 0.091587 0.076905 0.031650 
-0.001950 -0.018528 -0.135393 0.031794 -0.007738 0.005226 -0.121360 0.004787 -0.002423 0.003832 0.014312 0.119008 -0.018616 -0.011836 0.024508 -0.026958 -0.018593 0.001979 -0.043571 -0.036929 0.046633 0.068616 -0.003461 -0.100435 0.071770 -0.100714 0.009046 -0.052568 0.092150 0.013335 0.041475 
-0.010543 -0.013078 -0.137323 0.027787 -0.011473 0.004382 -0.113817 0.001995 -0.010681 0.007268 0.017165 0.119299 -0.019982 -0.013368 0.027430 -0.014752 -0.022859 0.003863 -0.070606 -0.034980 0.031640 0.054400 -0.020690 -0.094433 0.067358 -0.094290 0.023101 -0.070357 0.084098 -0.043440 0.035863 
-0.021865 -0.019380 -0.088875 -0.012511 -0.022069 -0.004680 0.009099 0.013776 -0.029518 0.015596 -0.000617 0.091271 -0.082912 0.015878 -0.013245 0.070200 -0.090806 0.053481 -0.050583 -0.024459 -0.089106 -0.003755 -0.056112 -0.061964 0.023913 0.068822 0.047140 -0.101829 -0.078017 -0.154614 0.020550 
-0.001292 -0.104342 0.015427 -0.076280 -0.072481 -0.026858 0.103233 0.036938 0.039751 0.064089 -0.018117 -0.010559 -0.113280 0.008075 0.044293 -0.033726 -0.028558 -0.027586 0.040680 0.002231 -0.087030 -0.036964 -0.031810 0.050839 -0.010937 0.088799 -0.065946 0.136495 -0.037323 -0.112817 -0.041291 
0.003286 -0.111815 0.015750 -0.078828 -0.072286 -0.028793 0.102742 0.040072 0.046502 0.061957 -0.025187 -0.020461 -0.114596 0.003947 0.048519 -0.046757 -0.033321 -0.036752 0.056590 0.022008 -0.074758 -0.023730 0.007435 0.048579 -0.003218 0.091919 -0.071645 0.143239 -0.023148 -0.036594 -0.057351 
0.007953 -0.103172 0.014584 -0.075400 -0.072989 -0.025713 0.104288 0.037500 0.048379 0.053492 -0.021111 -0.012483 -0.117894 0.000197 0.041608 -0.039207 -0.028622 -0.026661 0.048385 0.002840 -0.086970 -0.016049 0.045150 0.047699 -0.016987 0.092617 -0.068826 0.146039 -0.032247 0.055496 -0.044922 
-0.157421 0.073806 0.095389 0.139985 0.040690 0.256134 0.055282 -0.088899 0.163981 0.198746 -0.033395 0.005786 -0.153008 -0.014477 -0.309707 -0.219467 -0.028083 -0.108162 -0.128502 0.006377 -0.034031 0.006683 -0.007983 -0.017219 0.132974 0.155421 0.027909 -0.029898 0.044897 -0.025300 -0.124683 
-0.197169 0.102405 0.106677 0.139565 0.023792 0.105028 0.035158 0.062609 0.043902 0.108126 -0.088370 0.050940 -0.090807 -0.019612 -0.152064 -0.061918 0.026083 0.027943 -0.068040 0.085179 0.009900 -0.019739 -0.003354 0.059416 0.062734 0.044626 0.064962 0.077939 -0.027308 0.070723 0.019086 
-0.221811 0.164344 0.086057 0.127118 -0.024796 -0.046060 -0.006521 0.149911 -0.035574 0.032256 -0.124848 0.086366 -0.015108 -0.042230 0.040046 0.046676 0.069477 0.151831 0.047681 0.177937 0.014388 0.030587 0.000827 -0.016318 -0.015667 -0.102171 0.017055 0.028608 -0.073779 0.087803 0.011066 
-0.184780 0.207781 0.058572 0.062451 -0.063177 -0.139391 -0.052424 0.148041 -0.010599 -0.075065 -0.037630 0.002332 0.007397 -0.073756 0.191862 0.074844 0.058327 0.143303 0.086016 0.111422 0.003291 -0.010394 0.026384 -0.091281 -0.042926 -0.104088 -0.035109 -0.072986 -0.007745 -0.022775 -0.063555 
-0.107113 0.225997 0.005237 -0.015964 -0.010601 -0.136922 -0.057286 0.035718 0.073883 -0.189192 0.098320 -0.111942 0.038140 -0.061342 0.232889 0.088424 -0.033846 0.093659 0.008940 0.004869 -0.048002 -0.066329 0.039442 0.060351 -0.011741 0.066427 -0.045692 -0.074714 0.017392 -0.084023 -0.030336 
-0.032222 0.200367 -0.040709 -0.083021 0.032848 -0.045547 -0.030722 -0.031102 0.180231 -0.227641 0.144495 -0.181242 0.050047 -0.062304 0.110511 0.047106 -0.074889 -0.016218 -0.018481 -0.107176 -0.032243 -0.006064 -0.000579 0.005074 0.076368 0.074431 -0.042292 0.066280 0.034836 0.021589 -0.051567 
0.014700 0.129439 -0.038784 -0.131521 0.076410 0.079130 0.061408 -0.005248 0.238847 -0.266078 0.043383 -0.097691 0.016406 -0.052574 -0.149255 -0.046556 -0.078440 -0.186876 -0.005507 -0.190221 0.089529 0.122519 0.041571 0.049612 0.034078 -0.038198 0.003130 0.071726 -0.025104 0.064380 0.091704 
0.018215 0.032670 -0.019727 -0.172787 0.080228 0.178536 0.152711 0.091893 0.093030 -0.232620 -0.032977 0.101692 0.056917 -0.053148 -0.216204 -0.041766 -0.006911 -0.154824 0.007793 -0.104970 0.123320 0.050192 0.026270 -0.047191 -0.069035 -0.016218 0.023024 -0.040902 0.052395 -0.090884 0.014088 
-0.011428 -0.013362 0.014247 -0.158172 0.073503 0.218226 0.195199 0.091370 -0.079939 -0.069547 -0.068462 0.188495 0.164657 -0.014766 -0.069857 0.041299 0.086537 0.000055 -0.019568 0.048743 0.078002 -0.075795 -0.003054 -0.058555 -0.010128 -0.076719 -0.022675 0.043414 -0.023172 -0.011028 -0.012892 
-0.046244 0.039655 -0.025082 -0.175658 0.090048 0.169622 0.172860 0.010222 -0.170085 0.139346 -0.035599 0.143992 0.267519 0.028587 0.165957 -0.004133 0.016287 0.081540 -0.117033 0.084508 0.029988 -0.044128 -0.026302 -0.034190 0.103819 0.074468 -0.011304 -0.006357 0.048143 0.015434 -0.039558 
-0.044560 0.138924 -0.043897 -0.137507 0.091402 0.055623 0.085085 -0.134121 -0.165099 0.266309 0.057032 -0.055461 0.216591 0.042873 0.178147 -0.111207 -0.037026 0.103844 -0.142587 0.015404 -0.013027 0.088207 -0.050760 0.050374 0.067936 -0.023220 -0.011680 0.076965 -0.031924 -0.040547 0.090793 
0.006650 0.203476 -0.036533 -0.089411 0.045922 -0.078993 -0.022561 -0.136949 -0.173412 0.159615 0.191622 -0.169925 0.035138 0.068003 -0.047124 -0.116576 -0.046499 0.034511 -0.067927 -0.062566 -0.061660 0.111426 -0.006284 -0.006455 -0.114576 -0.025461 -0.022250 0.056431 0.041217 0.024073 0.036731 
0.092760 0.225981 0.009932 -0.025152 0.002074 -0.170146 -0.061443 -0.034010 -0.196602 0.053998 0.170751 -0.116434 -0.079399 0.074068 -0.193946 -0.050942 -0.031340 -0.035871 -0.022344 -0.040665 -0.030251 0.001807 -0.029447 0.052154 -0.074721 0.032448 -0.036283 -0.069234 0.026061 0.082655 0.030319 
0.185289 0.207269 0.057039 0.051971 -0.051588 -0.161531 -0.058768 0.129757 -0.144632 0.008983 0.038622 -0.002847 -0.103422 0.071902 -0.236883 0.050782 0.037214 -0.066224 0.046644 0.038014 0.034957 -0.050295 -0.011283 -0.081079 0.118449 -0.030410 -0.052164 -0.044048 -0.003098 -0.012221 -0.079157 
0.233322 0.166498 0.076522 0.118286 -0.018255 -0.053576 -0.009771 0.167804 -0.048118 -0.000562 -0.089236 0.083313 -0.072405 0.040211 -0.152416 0.137612 0.032330 -0.044371 0.115096 0.032189 0.087224 -0.028369 -0.004256 0.002821 0.106656 -0.050547 0.005312 0.037494 -0.068279 -0.118661 0.003329 
0.212917 0.111201 0.087198 0.137059 0.022603 0.116267 0.044674 0.083287 0.080429 0.081624 -0.116235 0.071848 -0.017642 0.027441 0.121983 0.111170 -0.010936 -0.025688 0.092274 -0.021320 0.044603 0.044792 -0.009479 0.055975 -0.073836 -0.019581 0.077139 0.045929 -0.035642 -0.067053 0.013784 
0.170102 0.087066 0.066995 0.143739 0.031683 0.285163 0.072349 -0.061050 0.251506 0.179704 -0.111971 0.048410 0.050907 0.015510 0.378787 0.038754 -0.075986 -0.033699 0.099793 -0.070948 -0.019109 0.114411 -0.007306 -0.041971 -0.120700 0.052324 0.055406 -0.070217 0.031663 0.053594 -0.123295 
0.188790 -0.113054 -0.070256 -0.102401 0.217369 0.038942 -0.189566 0.212527 0.111363 0.159987 0.132937 -0.125150 0.081687 0.057947 0.000927 0.316182 -0.057699 -0.171967 -0.195877 0.006105 -0.073290 -0.131746 -0.125208 -0.065759 -0.000936 0.038352 0.032789 -0.068563 0.032752 -0.011630 0.056045 
0.165094 -0.085977 -0.057085 -0.042981 0.106776 -0.028067 -0.055654 0.164105 0.029522 0.121698 0.142646 -0.018411 0.061900 0.009868 0.037226 0.161548 0.050652 -0.067637 -0.177180 0.017688 -0.027888 -0.029666 -0.044294 0.001922 0.026826 -0.004317 0.018139 -0.015968 0.047315 0.062606 -0.092373 
0.136877 -0.051514 -0.045448 -0.007312 0.021526 -0.124658 0.006823 0.134392 -0.042995 0.079823 0.115575 0.058558 0.056363 -0.081231 0.027211 -0.009447 0.018433 -0.043085 -0.128453 0.035495 -0.033952 0.027498 0.034344 -0.002411 0.055151 -0.043240 0.014300 0.087024 -0.129897 0.052775 0.120234 
0.114513 -0.024886 -0.043662 0.020488 -0.043572 -0.177236 0.077022 0.086698 -0.087628 0.035806 0.058703 0.130203 0.097801 -0.137604 0.017689 -0.124729 -0.016397 -0.019555 -0.063423 0.029381 -0.024015 0.024674 0.057961 0.012368 0.022995 -0.010637 -0.051127 -0.030075 -0.088799 0.061822 0.010906 
0.071959 -0.005538 -0.046967 0.024756 -0.079548 -0.239326 0.151013 0.057799 -0.102913 0.005396 -0.014632 0.171803 0.076083 -0.132735 -0.041465 -0.167552 -0.037885 -0.037356 -0.018214 0.011589 0.160528 0.100373 0.042922 0.051119 -0.038640 0.140948 -0.007345 0.012618 0.205106 0.079605 -0.138304 
-0.074310 -0.004657 -0.040437 0.038230 -0.089031 -0.243450 0.149986 0.127241 0.024167 -0.088012 0.001434 0.190884 0.106397 0.069400 0.105531 -0.020843 -0.083329 -0.058088 -0.033265 0.016195 0.103461 0.086944 -0.059147 0.035915 -0.049910 0.190535 0.007035 0.033328 0.161084 -0.105080 -0.022394 
-0.117127 -0.025373 -0.037320 0.036739 -0.055472 -0.176783 0.073736 0.144148 0.041885 -0.078511 0.067924 0.132222 0.067118 0.078192 0.026866 -0.058909 -0.049144 -0.071392 0.038031 -0.095205 -0.003646 0.023247 -0.061849 0.002392 0.010040 0.010385 -0.062654 -0.000035 -0.083713 -0.037660 0.086640 
-0.140268 -0.051687 -0.044203 0.008811 0.009135 -0.117933 0.005341 0.164747 0.071574 -0.018679 0.105892 0.047962 0.013231 0.037379 0.014809 -0.074595 0.022537 0.015061 0.045192 -0.136634 0.030267 0.030876 -0.039074 -0.015673 -0.015327 -0.068803 0.007282 0.087824 -0.117427 -0.009086 0.166000 
-0.172990 -0.089120 -0.057067 -0.027072 0.097361 -0.017124 -0.053570 0.158221 0.103554 0.048840 0.115024 -0.045315 -0.001744 -0.031889 -0.045667 -0.086560 0.106097 0.127689 0.009151 -0.166061 0.073010 0.014678 0.051867 -0.007387 -0.068963 -0.060428 0.015494 -0.021582 0.061581 -0.044605 -0.108255 
-0.201442 -0.117311 -0.071884 -0.087674 0.212312 0.057684 -0.182302 0.164261 0.137918 0.136776 0.084198 -0.155383 0.027885 -0.054439 -0.089450 -0.173703 0.067795 0.253661 -0.000107 -0.170458 0.061990 -0.054480 0.149829 -0.064006 -0.117958 -0.040418 0.036575 -0.080728 0.031321 -0.033444 -0.030436 
-0.001197 -0.021721 -0.075363 0.061854 -0.101381 -0.012583 0.057868 -0.053799 -0.004394 -0.022016 0.015838 0.032086 0.041169 -0.006975 -0.003719 -0.010656 0.052910 -0.040207 -0.013898 0.009239 0.116005 0.115980 -0.005831 0.042131 0.110067 -0.029942 0.226744 -0.061032 -0.053636 -0.005501 -0.084349 
-0.002912 -0.012730 -0.092400 0.118235 -0.119209 0.039277 0.100480 -0.052450 -0.010145 -0.024410 0.021635 -0.028964 0.054761 -0.000433 -0.010588 -0.002502 0.027001 -0.016819 -0.019184 -0.046014 0.004847 0.086984 -0.000533 0.034940 0.104457 -0.026201 0.127843 -0.095238 -0.041751 -0.008938 0.054259 
-0.004610 -0.002588 -0.102915 0.165232 -0.147576 0.078497 0.146555 -0.049535 -0.004059 -0.016993 0.028863 -0.085335 0.068950 0.005974 -0.025105 0.022727 0.031514 0.014856 -0.021890 -0.091259 -0.095921 0.056712 0.002338 0.024402 0.069321 0.036287 0.020365 -0.155619 0.021436 -0.007427 0.196311 
-0.005464 -0.007329 -0.106887 0.224428 -0.177192 0.125141 0.171250 -0.033091 -0.010476 -0.017098 0.027988 -0.144877 0.101716 0.008855 -0.043057 0.046688 0.033333 0.058114 -0.000705 -0.108428 -0.170170 0.063610 0.003422 0.044394 0.072588 0.058349 -0.153454 -0.195338 0.023928 -0.013517 0.260209 
0.030901 -0.026899 -0.097490 0.113804 -0.068429 0.023006 0.050680 -0.074145 0.059967 -0.008152 0.077501 -0.050021 0.004772 0.024942 -0.076324 0.148173 -0.107583 0.075272 0.047776 0.064884 0.016673 -0.074517 0.037580 -0.061410 -0.054957 0.006064 -0.116273 0.101085 -0.018794 0.039115 -0.105586 
0.013857 -0.036684 -0.128063 0.140078 -0.059900 0.058001 0.097530 -0.052379 0.024155 0.004989 0.099607 -0.056042 -0.016377 0.017551 -0.067507 0.106418 -0.095045 0.083172 0.032010 0.053235 0.036820 -0.037970 0.052325 -0.090126 -0.054737 -0.047817 -0.033599 0.125782 0.005607 0.049172 -0.157031 
-0.003681 -0.040961 -0.157233 0.144778 -0.062645 0.088093 0.118177 -0.039663 0.006878 0.005198 0.102008 -0.061100 -0.025044 0.003596 -0.049263 0.057502 -0.098044 0.053455 -0.004871 0.051995 0.077237 -0.056552 0.001427 -0.102597 -0.051359 -0.081243 0.103862 0.095018 -0.009561 0.029815 -0.142661 
-0.021519 -0.038918 -0.126921 0.136848 -0.058133 0.055910 0.094379 -0.056869 0.020040 0.009299 0.102921 -0.058521 -0.020807 -0.009914 -0.061984 0.095835 -0.085436 0.106959 0.018785 0.067579 0.034727 -0.065745 -0.052747 -0.096380 -0.055113 -0.053820 -0.029324 0.097606 0.003048 -0.033696 -0.165156 
-0.040909 -0.031326 -0.096457 0.107833 -0.065364 0.020698 0.046564 -0.096365 0.026918 0.028081 0.084402 -0.052982 0.002481 -0.012580 -0.081577 0.109011 -0.088156 0.124392 0.036185 0.099523 0.009418 -0.112024 -0.037261 -0.077539 -0.073475 -0.018185 -0.114516 0.038326 -0.018379 -0.094632 -0.136155 
0.180773 -0.008925 -0.068910 -0.071119 0.138062 0.027469 0.005627 -0.110911 -0.086457 -0.069186 -0.044888 0.021712 -0.105134 -0.030248 0.032619 0.044536 0.014662 0.040289 0.020291 -0.070890 0.043046 -0.087792 0.031206 0.062162 0.057293 0.022844 0.119096 -0.012217 -0.023632 -0.148742 -0.025454 
0.153815 -0.014657 -0.054952 -0.068628 0.117619 -0.018986 -0.010547 -0.138435 -0.083557 -0.037804 -0.078525 0.005975 -0.080189 -0.029614 0.017689 -0.011584 -0.013073 0.053395 0.085673 -0.042891 0.055216 -0.039176 -0.015310 0.050088 0.041272 -0.000058 -0.015239 0.018671 -0.009503 -0.048029 0.117762 
0.124437 -0.015710 -0.055444 -0.060118 0.097180 -0.037070 -0.010236 -0.151291 -0.060489 -0.013090 -0.088015 -0.002344 -0.056734 -0.038005 0.017598 -0.034457 0.007285 0.059432 0.095785 0.008469 0.042852 -0.018883 -0.012463 -0.007604 0.032255 -0.031568 -0.063366 0.027423 -0.036692 -0.027480 0.032003 
0.084852 0.010217 -0.070909 -0.037799 0.071936 -0.058780 -0.004748 -0.135144 0.013590 0.020535 -0.096999 -0.000471 -0.041158 -0.029830 0.043991 -0.084927 0.001086 0.104574 0.097015 0.028437 -0.001474 -0.115073 0.006253 -0.034802 0.039023 -0.087524 -0.008212 -0.029473 -0.016389 0.093546 0.008529 
0.121909 0.005496 -0.072712 -0.064610 0.085087 -0.032873 -0.013074 -0.148422 -0.018463 -0.003402 -0.096683 -0.006004 -0.072469 -0.033350 0.040359 -0.039095 0.027860 0.062112 0.146706 -0.015994 0.018446 -0.008608 0.000532 -0.018075 0.033750 0.025724 -0.069613 -0.009543 0.025187 0.022624 -0.015004 
0.153996 0.009418 -0.076241 -0.075439 0.106209 -0.009541 -0.007154 -0.134024 -0.049821 -0.022842 -0.090446 0.001384 -0.086667 -0.026098 0.030299 -0.023456 0.017789 0.041883 0.126932 -0.049778 0.019510 -0.037526 0.004428 0.033637 0.040442 0.058653 -0.025787 -0.021633 0.073318 -0.023293 0.107339 
-0.092748 -0.001831 -0.056330 -0.031504 0.069473 -0.062909 -0.008061 -0.105204 0.026226 -0.022655 -0.082949 0.008835 -0.073937 0.047289 -0.044926 0.064906 -0.053591 -0.142172 0.020010 0.087937 -0.068836 -0.022180 0.001802 -0.033042 0.020718 -0.095115 -0.031106 -0.021706 0.009130 -0.077474 -0.015757 
-0.126862 -0.028011 -0.040967 -0.052804 0.092563 -0.038812 -0.013145 -0.114031 -0.004490 -0.092453 -0.087285 0.012971 -0.067868 0.060244 -0.001087 0.048013 -0.020466 -0.059681 0.009839 0.101031 -0.026300 0.047406 0.009350 -0.002787 0.023681 -0.022311 -0.061716 0.033155 -0.040669 0.011834 0.025088 
-0.155950 -0.028662 -0.038567 -0.062152 0.114213 -0.021509 -0.014844 -0.105859 -0.035095 -0.107490 -0.080702 0.025357 -0.084419 0.059545 0.013144 0.044616 -0.029028 -0.032512 -0.036179 0.108474 -0.050012 0.051385 0.012837 0.048935 -0.017102 -0.013896 -0.005415 0.003309 -0.025647 0.030979 0.108643 
-0.184894 -0.024682 -0.050849 -0.064332 0.133891 0.025527 -0.002016 -0.094977 -0.072768 -0.099987 -0.051172 0.044445 -0.108995 0.074960 0.025606 0.048036 0.007510 -0.014928 -0.070238 0.072751 -0.049483 0.013501 -0.028881 0.054049 -0.060004 -0.017799 0.138292 -0.043232 -0.043178 0.110483 -0.034854 
-0.159407 -0.005959 -0.056861 -0.069637 0.104815 -0.015827 -0.012883 -0.105764 -0.025291 -0.071871 -0.088919 0.021395 -0.097166 0.052083 0.007458 0.019465 0.003669 -0.043219 -0.016344 0.113985 -0.091892 0.064742 -0.005072 0.034142 -0.034213 0.039907 -0.008547 -0.041241 0.049597 0.043404 0.102103 
-0.126683 -0.008424 -0.055963 -0.059072 0.083158 -0.037351 -0.016900 -0.121285 0.001138 -0.049942 -0.090019 0.009346 -0.087789 0.051196 -0.013783 0.026615 0.003460 -0.068827 0.015486 0.117437 -0.072559 0.079677 -0.003099 -0.012536 0.014254 0.025827 -0.070934 -0.009001 0.020205 0.004817 -0.042761 
0.110339 -0.065106 0.241572 -0.009606 -0.021498 -0.048543 -0.021351 -0.144771 0.041545 0.021960 0.087006 0.196385 -0.031859 -0.146000 -0.050997 0.008732 -0.028928 0.100404 0.001514 -0.051348 -0.085036 -0.017798 -0.023122 -0.018364 -0.187986 -0.021343 0.009640 -0.055078 -0.004800 -0.008830 0.043432 
0.070436 -0.049173 0.105972 0.030418 -0.058794 0.024359 -0.127667 -0.064474 0.008850 0.000389 -0.015709 0.038535 0.021836 -0.086856 0.009218 -0.063222 0.035704 -0.029297 -0.054791 -0.063469 -0.141583 0.150957 -0.045619 0.044177 -0.083813 -0.019932 -0.076488 0.073636 0.054346 -0.001484 0.060380 
0.045656 -0.033693 -0.000921 0.064984 -0.082549 0.051510 -0.166927 -0.034821 0.002517 -0.006023 -0.103253 -0.033307 0.031285 0.000975 0.012855 -0.079360 0.095284 -0.068633 -0.003250 -0.075891 -0.022209 0.099353 -0.059685 0.037465 0.001254 -0.051647 -0.095850 0.100670 0.022572 0.029734 -0.086266 
0.004591 -0.047972 -0.006464 0.064073 -0.056870 0.049957 -0.165924 -0.001027 -0.000662 0.004596 -0.089072 0.022040 0.045750 0.002828 0.015890 -0.030158 0.063006 -0.045012 -0.020121 -0.042802 -0.053117 -0.005576 0.003770 0.123798 0.010034 -0.025834 -0.060465 0.070815 -0.016638 -0.014361 -0.132367 
-0.033372 -0.041170 0.004331 0.061682 -0.080984 0.045303 -0.168791 -0.027720 -0.000788 0.001321 -0.087265 -0.022787 0.066114 0.025729 0.085794 -0.015091 0.093244 -0.056982 -0.074494 -0.017783 -0.026285 0.005712 0.050520 0.049989 0.111541 -0.000176 -0.072644 0.112596 0.001015 -0.103412 -0.058025 
-0.054883 -0.063247 0.114104 0.024019 -0.057214 0.020209 -0.136584 -0.050192 0.022432 -0.015678 0.006691 0.055273 0.063941 0.086750 0.058138 -0.002221 0.034941 -0.010132 -0.012338 -0.116822 -0.047339 -0.072961 0.041569 0.058763 0.139164 0.066820 -0.061452 0.079866 0.050477 -0.064634 0.094972 
-0.089536 -0.084876 0.255976 -0.016072 -0.018854 -0.053041 -0.033836 -0.117843 0.068775 -0.022002 0.110737 0.220016 0.000973 0.108725 -0.051572 0.100432 -0.037382 0.032125 -0.022779 -0.029161 -0.041293 -0.179158 0.043269 0.001434 0.018647 0.045982 0.003663 -0.047245 0.006719 0.053616 0.034773 
-0.066867 -0.091473 0.143827 -0.070731 -0.055691 0.001414 -0.018210 0.034507 0.009045 -0.008937 0.026356 -0.012114 -0.036602 0.068390 0.056770 0.037027 -0.042082 -0.029433 -0.012000 0.002368 -0.004330 -0.096735 0.063572 -0.107156 0.125980 0.175944 0.092202 -0.039687 0.050398 0.031096 0.167633 
-0.037831 -0.081087 0.022776 -0.093889 -0.076304 0.017082 -0.016809 0.120558 -0.053356 0.009554 -0.073358 -0.126551 -0.065230 0.030269 0.078161 -0.020651 0.012966 -0.045668 0.001710 0.107909 0.061223 -0.083057 0.046977 -0.095658 0.043767 0.100829 0.071354 -0.036502 -0.025801 -0.022344 0.017535 
0.007109 -0.089809 0.017558 -0.097255 -0.056357 0.029164 0.000613 0.148568 -0.076177 0.000107 -0.094691 -0.139386 -0.085514 0.009696 0.034254 -0.056352 -0.013651 -0.047487 0.017589 0.041769 0.020645 -0.064931 0.007714 -0.003966 -0.075339 0.053723 0.092526 -0.041662 -0.046523 0.029523 -0.057487 
0.054146 -0.073249 0.016822 -0.090017 -0.078419 0.023886 -0.015122 0.110052 -0.056197 0.009171 -0.091702 -0.137916 -0.106201 -0.011854 -0.001610 -0.099840 0.013570 -0.054719 0.080828 0.050241 0.057403 0.046793 -0.046741 -0.112751 -0.132671 0.022464 0.059636 -0.064574 -0.015019 0.078938 -0.010533 
0.085542 -0.077322 0.133888 -0.064493 -0.057795 0.005837 -0.012242 0.011475 -0.019617 0.026645 0.001666 -0.028348 -0.084002 -0.071335 -0.004266 -0.103014 -0.029883 0.020757 0.033442 -0.015417 -0.050253 0.111110 -0.066135 -0.127369 -0.179994 0.054022 0.108022 -0.085718 0.030747 -0.010943 0.152855 
0.087986 -0.095952 0.271902 -0.003006 -0.036748 -0.048451 0.001305 -0.108710 0.050049 0.043458 0.079151 0.142695 -0.027581 -0.117693 -0.036110 0.037230 -0.061379 0.072806 -0.026153 -0.062464 -0.092525 0.018594 -0.035585 0.055601 -0.142069 -0.043567 -0.019092 -0.020416 -0.041712 0.083488 -0.009995 
0.053590 -0.048873 0.007800 0.028808 -0.056843 0.038910 -0.121610 -0.008100 -0.016881 -0.021209 -0.031257 -0.020461 0.027928 -0.014826 -0.028120 -0.032158 0.081806 -0.034938 0.022411 -0.023984 0.042749 0.100999 -0.048112 0.073426 0.019824 -0.191723 -0.008600 -0.044297 0.063966 0.061863 -0.054945 
0.005085 -0.058333 0.005423 0.030418 -0.035555 0.044417 -0.113781 0.028237 -0.027049 -0.013698 -0.020234 0.010655 0.045944 -0.003730 -0.000629 -0.004013 0.064337 -0.011916 -0.002978 -0.022024 -0.014240 0.028546 -0.004739 0.139560 0.059984 -0.166351 -0.003596 -0.051878 0.012356 0.035020 -0.008028 
-0.040557 -0.057137 0.014570 0.025686 -0.055064 0.031074 -0.124300 0.000366 -0.022958 -0.012006 -0.015370 -0.007719 0.065209 0.021443 0.054998 0.022937 0.084530 -0.003981 -0.048011 0.034875 0.043237 -0.004053 0.027445 0.088265 0.126970 -0.139100 0.022286 -0.032708 0.034915 -0.019337 -0.014871 
-0.063247 -0.114420 0.284227 -0.010874 -0.032791 -0.053605 -0.010904 -0.085321 0.080458 -0.002768 0.101557 0.158636 -0.005324 0.089301 -0.048050 0.069269 -0.054254 0.074175 -0.033230 -0.064087 -0.029431 -0.155393 0.060184 0.073189 0.033577 0.008505 -0.002471 -0.030779 -0.050154 -0.067490 0.000892 
-0.038852 -0.078703 0.042262 -0.054044 -0.095645 0.002301 -0.032310 0.081056 -0.034685 0.009837 -0.056451 -0.124860 -0.029711 0.022726 0.072927 -0.029014 0.056847 -0.065488 0.035964 0.113234 0.015015 -0.080551 0.044082 -0.029720 0.015936 0.091871 -0.000829 0.069785 -0.047469 -0.046994 0.013102 
0.006054 -0.080414 0.025365 -0.057560 -0.083256 0.010634 -0.018206 0.113768 -0.044481 0.008514 -0.063629 -0.128927 -0.046587 0.008304 0.040386 -0.071866 0.013282 -0.075423 0.058967 0.057375 -0.037328 -0.077622 0.005342 0.010655 -0.062470 0.080932 0.026734 0.045120 -0.058236 0.001391 -0.056160 
0.054607 -0.071505 0.036640 -0.050980 -0.096790 0.008597 -0.030902 0.074662 -0.032422 0.006932 -0.070534 -0.133705 -0.058116 -0.001302 0.005710 -0.090025 0.057025 -0.072782 0.098429 0.062890 0.013203 0.009911 -0.048767 -0.043318 -0.093458 0.044500 -0.018651 0.052682 -0.034658 0.045035 -0.018295 
# The variances of the components (eigenvalues) of identity or combined identity and expression model
1
31
6
1496.189266 871.415994 562.913600 542.291718 340.257191 268.808525 199.592538 152.769971 138.041415 130.991790 96.937434 87.833741 73.521130 71.869367 57.300207 46.336816 43.437474 40.274421 33.611262 30.198003 27.166880 22.378837 21.470351 18.366708 16.800913 14.192415 12.038771 10.657364 8.883394 6.881879 4.102128 
