# Number of triangulations
3
# Triangulation 1
# triangulation 
109
3
4
58 67 59 
29 39 30 
58 59 7 
34 52 35 
44 45 25 
39 29 28 
37 18 36 
33 51 52 
39 38 40 
22 42 43 
37 40 38 
50 33 32 
57 58 8 
66 67 58 
62 61 67 
56 65 66 
65 53 63 
64 55 54 
56 57 8 
31 48 49 
27 39 28 
64 54 53 
66 65 62 
29 42 28 
46 35 15 
37 19 18 
36 0 41 
18 17 36 
38 20 19 
38 19 37 
21 20 38 
21 38 39 
23 20 22 
30 34 35 
21 39 27 
41 0 1 
39 40 31 
44 43 47 
30 39 31 
46 47 35 
33 30 32 
36 17 0 
41 1 31 
37 36 41 
40 41 31 
37 41 40 
2 31 1 
3 48 2 
48 31 2 
49 60 59 
4 48 3 
5 48 4 
59 48 5 
7 59 6 
59 5 6 
60 48 59 
67 49 59 
50 61 51 
49 48 60 
32 31 50 
61 49 67 
32 30 31 
50 49 61 
31 49 50 
62 63 51 
61 62 51 
63 52 51 
67 66 62 
63 53 52 
62 65 63 
53 35 52 
54 55 11 
57 66 58 
9 56 8 
8 58 7 
56 66 57 
53 65 55 
55 56 9 
55 9 10 
55 10 11 
55 65 56 
54 11 12 
64 53 55 
35 53 54 
54 14 35 
12 13 54 
14 54 13 
46 45 44 
30 35 42 
15 35 14 
16 46 15 
33 52 34 
50 51 33 
30 42 29 
33 34 30 
47 42 35 
22 43 23 
22 21 27 
20 21 22 
42 27 28 
22 27 42 
23 43 24 
43 44 24 
42 47 43 
44 25 24 
47 46 44 
45 16 26 
46 16 45 
25 45 26 
# Triangulation 2
# triangulation 
109
3
4
58 67 59 
29 39 30 
58 59 7 
34 52 35 
44 45 25 
39 29 28 
37 18 36 
33 51 52 
39 38 40 
22 42 43 
37 40 38 
50 33 32 
57 58 8 
66 67 58 
62 61 67 
56 65 66 
65 53 63 
64 55 54 
56 57 8 
31 48 49 
27 39 28 
64 54 53 
66 65 62 
29 42 28 
46 35 15 
37 19 18 
36 0 41 
18 17 36 
38 20 19 
38 19 37 
21 20 38 
21 38 39 
23 20 22 
30 34 35 
21 39 27 
41 0 1 
39 40 31 
44 43 47 
30 39 31 
46 47 35 
33 30 32 
36 17 0 
41 1 31 
37 36 41 
40 41 31 
37 41 40 
2 31 1 
3 48 2 
48 31 2 
49 60 59 
4 48 3 
5 48 4 
59 48 5 
7 59 6 
59 5 6 
60 48 59 
67 49 59 
50 61 51 
49 48 60 
32 31 50 
61 49 67 
32 30 31 
50 49 61 
31 49 50 
62 63 51 
61 62 51 
63 52 51 
67 66 62 
63 53 52 
62 65 63 
53 35 52 
54 55 11 
57 66 58 
9 56 8 
8 58 7 
56 66 57 
53 65 55 
55 56 9 
55 9 10 
55 10 11 
55 65 56 
54 11 12 
64 53 55 
35 53 54 
54 14 35 
12 13 54 
14 54 13 
46 45 44 
30 35 42 
15 35 14 
16 46 15 
33 52 34 
50 51 33 
30 42 29 
33 34 30 
47 42 35 
22 43 23 
22 21 27 
20 21 22 
42 27 28 
22 27 42 
23 43 24 
43 44 24 
42 47 43 
44 25 24 
47 46 44 
45 16 26 
46 16 45 
25 45 26 
# Triangulation 3
# triangulation 
109
3
4
58 67 59 
29 39 30 
58 59 7 
34 52 35 
44 45 25 
39 29 28 
37 18 36 
33 51 52 
39 38 40 
22 42 43 
37 40 38 
50 33 32 
57 58 8 
66 67 58 
62 61 67 
56 65 66 
65 53 63 
64 55 54 
56 57 8 
31 48 49 
27 39 28 
64 54 53 
66 65 62 
29 42 28 
46 35 15 
37 19 18 
36 0 41 
18 17 36 
38 20 19 
38 19 37 
21 20 38 
21 38 39 
23 20 22 
30 34 35 
21 39 27 
41 0 1 
39 40 31 
44 43 47 
30 39 31 
46 47 35 
33 30 32 
36 17 0 
41 1 31 
37 36 41 
40 41 31 
37 41 40 
2 31 1 
3 48 2 
48 31 2 
49 60 59 
4 48 3 
5 48 4 
59 48 5 
7 59 6 
59 5 6 
60 48 59 
67 49 59 
50 61 51 
49 48 60 
32 31 50 
61 49 67 
32 30 31 
50 49 61 
31 49 50 
62 63 51 
61 62 51 
63 52 51 
67 66 62 
63 53 52 
62 65 63 
53 35 52 
54 55 11 
57 66 58 
9 56 8 
8 58 7 
56 66 57 
53 65 55 
55 56 9 
55 9 10 
55 10 11 
55 65 56 
54 11 12 
64 53 55 
35 53 54 
54 14 35 
12 13 54 
14 54 13 
46 45 44 
30 35 42 
15 35 14 
16 46 15 
33 52 34 
50 51 33 
30 42 29 
33 34 30 
47 42 35 
22 43 23 
22 21 27 
20 21 22 
42 27 28 
22 27 42 
23 43 24 
43 44 24 
42 47 43 
44 25 24 
47 46 44 
45 16 26 
46 16 45 
25 45 26 
